6 4 1 2 1 0 12608267
6 4 0 3 1 0 10225916
6 4 2 2 1 0 4093937
6 4 2 2 0 0 3887070
8 2 0 1 0 0 3323059
6 4 3 1 0 0 3314277
6 4 0 3 0 0 2155333
6 4 1 3 1 0 1789933
7 3 0 2 1 0 1653210
7 3 0 3 1 0 1472311
7 3 1 2 0 0 1452886
8 2 0 2 0 0 1232955
8 2 1 1 0 0 1095118
6 4 1 3 0 0 878795
9 1 0 1 0 0 746835
8 2 0 2 1 0 678023
7 3 1 2 1 0 488419
7 3 2 1 0 0 412962
6 4 0 4 1 0 405150
17 1 0 1 0 0 404552
6 4 1 2 0 0 333486
16 2 0 2 1 0 272833
6 4 0 4 0 0 261038
7 3 0 3 0 0 236132
16 6 0 4 0 0 231300
7 3 0 2 0 0 156314
6 4 0 2 0 0 136921
16 2 0 2 0 0 123124
8 1 0 1 0 -1 109654
7 3 0 1 0 0 88218
35 1 0 1 0 0 83346
7 4 0 3 0 1 76940
7 3 1 1 0 0 62148
17 1 1 0 0 0 46616
6 4 2 1 0 0 42476
15 5 0 4 0 0 40678
16 2 0 1 0 0 38304
7 4 0 3 1 1 33336
16 2 1 1 0 0 22252
16 6 0 4 1 0 21182
53 1 0 1 0 0 12399
11 0 0 0 0 1 12063
7 4 0 4 0 1 7417
6 4 1 1 0 0 7057
35 0 0 0 0 -1 6343
7 4 0 4 1 1 5662
17 0 0 0 0 -1 4849
16 3 0 3 0 1 4446
7 4 0 2 0 1 4266
53 0 0 0 0 -1 4000
35 1 1 0 0 0 3738
7 2 0 1 0 -1 3433
14 4 0 4 0 0 2979
15 5 0 4 1 0 2720
8 2 2 0 0 0 1883
16 3 0 3 1 1 1574
1 1 0 1 0 0 1501
5 3 0 3 0 0 1474
19 0 0 0 0 1 1411
5 3 0 3 1 0 1188
15 4 0 4 0 1 1125
34 2 0 2 1 0 863
34 2 0 2 0 0 858
6 3 0 1 0 -1 775
6 4 0 2 1 0 698
16 4 0 3 0 0 680
17 7 0 4 0 0 608
16 5 0 4 0 1 516
3 0 0 0 0 1 494
7 3 3 0 0 0 481
7 2 0 2 0 -1 460
15 6 0 6 0 -1 450
53 1 1 0 0 0 418
7 2 0 2 1 -1 414
16 1 0 1 0 -1 398
8 1 0 1 0 0 364
7 4 3 1 0 1 335
15 5 1 4 0 0 328
16 4 0 3 1 0 315
5 4 0 4 1 -1 287
5 4 0 4 0 -1 242
14 4 0 4 1 0 235
7 4 4 0 0 1 228
15 3 0 3 0 0 225
8 3 0 2 1 1 184
7 4 2 1 0 1 184
16 6 0 6 0 0 181
15 5 1 3 0 0 158
16 3 0 2 1 1 156
8 1 1 0 0 -1 151
5 3 2 1 0 0 146
7 4 2 2 0 1 142
20 0 0 0 0 2 142
33 5 0 4 0 0 128
7 4 1 3 0 1 126
30 0 0 0 0 2 113
6 3 0 3 1 1 109
12 0 0 0 0 2 107
7 4 1 2 1 1 82
34 2 0 1 0 0 79
15 4 0 4 1 1 76
5 4 2 2 0 -1 69
13 3 0 3 0 0 67
7 4 2 2 1 1 65
6 4 4 0 0 0 55
52 2 0 2 0 0 52
6 3 0 3 0 1 49
34 3 0 2 1 1 47
6 3 0 3 0 -1 47
34 6 0 4 0 0 43
33 3 0 3 0 0 42
52 3 0 2 1 1 41
15 3 0 2 1 0 40
7 4 1 3 1 1 39
13 0 0 0 0 3 38
5 4 3 1 0 -1 37
15 5 1 4 1 0 33
11 1 1 0 0 0 33
34 2 1 1 0 0 31
7 2 1 1 0 -1 30
16 6 1 4 0 0 30
16 4 0 2 1 0 29
52 2 0 2 1 0 27
7 4 1 2 0 1 26
53 2 0 2 0 1 26
15 3 0 3 1 0 24
30 0 0 0 0 0 24
33 3 0 3 1 0 22
14 4 2 2 0 0 22
6 3 0 3 1 -1 22
15 5 0 5 1 0 21
8 3 1 1 0 1 20
16 4 0 4 0 0 19
16 4 0 4 1 0 19
38 0 0 0 0 2 16
14 4 0 3 0 0 16
16 5 0 4 1 1 15
53 3 0 3 1 0 13
6 3 1 2 1 1 13
33 3 0 2 0 0 13
16 6 1 3 0 0 13
6 3 1 2 1 -1 13
8 3 0 3 1 1 13
47 0 0 0 0 1 12
9 1 1 0 0 0 12
34 4 0 4 1 0 12
52 4 0 4 1 0 11
56 0 0 0 0 2 11
34 4 0 3 0 0 10
53 5 0 3 0 0 10
52 4 0 4 0 0 10
37 0 0 0 0 1 10
11 1 0 1 0 0 10
14 0 0 0 0 4 10
33 4 0 4 0 1 9
14 4 0 2 0 0 9
7 5 1 3 1 0 9
8 3 0 3 0 1 9
16 3 0 2 0 1 8
53 3 0 3 0 0 8
7 5 1 4 1 0 8
7 5 2 3 1 0 8
15 5 0 5 0 0 7
34 3 0 3 0 1 7
12 2 0 1 0 0 7
15 5 0 3 0 0 7
5 3 1 2 1 0 7
1 0 0 0 0 1 7
12 2 2 0 0 0 7
29 0 0 0 0 2 6
23 5 0 4 0 0 6
9 0 0 0 0 -1 6
30 2 0 2 0 0 6
5 4 1 3 0 -1 6
16 4 0 2 0 0 6
15 3 0 2 0 0 6
14 4 1 3 0 0 6
34 4 0 4 0 0 6
6 3 1 2 0 -1 6
5 4 0 3 1 -1 6
28 0 0 0 0 2 5
47 1 0 1 0 0 5
5 3 1 2 0 0 5
55 0 0 0 0 1 5
8 0 0 0 0 -2 5
15 5 1 3 1 0 5
8 3 0 2 0 1 5
19 1 0 1 0 0 5
23 5 0 3 0 0 4
26 0 0 0 0 3 4
5 3 0 2 0 0 4
15 4 2 2 0 1 4
25 0 0 0 0 2 4
47 0 0 0 0 0 4
34 3 0 3 1 1 4
7 5 0 3 1 0 4
13 3 0 2 0 0 4
17 0 0 0 0 0 4
30 2 0 2 1 0 3
35 5 0 3 0 0 3
54 0 0 0 0 0 3
26 0 0 0 0 2 3
17 5 0 3 0 0 3
34 4 0 3 1 0 3
5 0 0 0 0 0 3
30 1 0 1 0 2 3
8 3 1 2 1 1 3
15 5 2 2 0 0 3
7 3 0 3 1 1 3
6 3 0 2 0 -1 3
9 2 0 2 0 1 3
16 1 1 0 0 -1 2
53 5 0 4 1 0 2
15 3 2 1 0 0 2
53 2 0 2 1 1 2
5 3 0 2 1 0 2
34 1 0 1 0 -1 2
52 6 0 4 0 0 2
30 0 0 0 0 1 2
53 7 0 4 0 0 2
34 4 0 2 0 0 2
36 0 0 0 0 0 2
8 3 0 1 0 1 2
33 3 3 0 0 0 2
5 4 1 3 1 -1 2
53 3 1 2 1 0 2
15 3 1 2 0 0 2
17 3 0 2 0 0 2
5 1 0 1 0 0 2
53 3 0 2 0 0 2
3 1 0 1 0 0 2
16 3 1 2 0 -1 2
52 0 0 0 0 4 2
3 1 1 0 0 0 2
20 2 0 1 0 0 2
16 0 0 0 0 -2 2
88 0 0 0 0 2 2
38 2 2 0 0 0 2
13 3 0 3 1 0 2
52 2 2 0 0 0 2
15 3 1 1 0 0 2
19 1 1 0 0 0 2
4 0 0 0 0 2 2
29 6 0 6 1 0 2
6 3 2 1 0 1 2
6 3 1 1 0 0 2
30 6 0 6 1 0 2
16 6 1 4 1 0 2
53 5 0 5 1 0 1
15 5 1 2 0 0 1
2 0 0 0 0 0 1
14 5 0 5 0 -1 1
16 3 1 2 0 1 1
7 2 0 1 0 0 1
16 2 2 0 0 0 1
30 4 0 4 1 -2 1
34 2 2 0 0 0 1
30 2 0 2 1 -2 1
8 1 1 0 0 0 1
7 2 0 2 0 0 1
5 3 3 0 0 0 1
14 5 1 4 1 -1 1
33 0 0 0 0 0 1
23 6 0 3 0 0 1
14 4 1 3 1 0 1
20 2 2 0 0 0 1
6 0 0 0 0 0 1
16 0 0 0 0 0 1
83 0 0 0 0 3 1
6 3 1 2 1 0 1
14 3 3 0 0 -1 1
15 0 0 0 0 -3 1
26 0 0 0 0 0 1
12 2 0 2 0 0 1
20 2 0 2 0 0 1
15 3 3 0 0 0 1
29 1 0 1 0 0 1
25 7 0 4 0 0 1
17 4 0 4 0 3 1
7 5 0 4 1 0 1
47 2 0 2 1 -4 1
6 3 2 1 0 0 1
7 5 0 2 0 0 1
7 4 0 2 1 1 1
26 6 0 6 0 -3 1
13 6 0 6 0 -3 1
